%-data via jwq --page of 66 in book-%
%--------------------------------------------------------------------------------%
%                                   bus data
%  bus_i type	Pd	  Qd	Gs	Bs area  Vm	     Va	    baseKV	zone Vmax   Vmin
%---------------------------------------------------------------------------- ---%
%% 节点参数矩阵
bus = [
    1	  3	    0	  0	    0	0	1	111.50   0	
    2	  1	    0     0	    0	0	1	110.37   -0.39 	
    3	  1	    0     0	    0	0	1	111.73   0.80 	
    4	  2	    0     0	    0	0	1	112.35   7.89		
];
%-------------------------------------------------------------------------------------------------%
%                                        branch data
%	fbus tbus    r	      x	       b	   rateA	rateB  rateC  ratio	angle  status  angmin  angmax
%-------------------------------------------------------------------------------------------------%
%% 支路参数矩阵
branch = [
    1	 2	  0.52	    2.66	 0.00028	 0	    0	   0	  0	    0	   1	   -360	   360	
    1	 3	  3.05	    8.37	 0.00112	 0	    0	   0	  0	    0	   1	   -360	   360	
    2	 3    0.41	    2.15	 0.00088	 0	    0	   0	  0	    0	   1	   -360	   360	
    3	 4	  0	        7.5	     0	         0	    0	   0	  1.05	0	   1	   -360	   360	
];
%--------------------------------------------------------------------------------%
%                                       mdata
% mtype mdata     merror     mtrue      weight  fbus    tbus    m_num
%--------------------------------------------------------------------------------%
%% 量测参数矩阵
mdata = [
    1	18.71	   -2.14	  20.86      0.58	 1       1       1	
    2	34.05	   -1.74	  35.79      0.50    1       1       1	
    3	41.79      1.45	      40.33      0.48    1       2       1	
    4	37.96      -0.39	  38.35      0.49    1       2       1	
    3	-19.10     0.36	      -19.47     0.59    1       3       2	
    4	-2.24      0.31	      -2.56      0.71    1       3       2	
    -3	17.55      -2.01	  19.57      0.59    1       3       2	
    -4	-10.74     0.37	      -11.12     0.64    1       3       2	
    -3	132.57     2.14	      130.42     0.24    2       3  	 3	
    -4	42.61      1.26	      41.53      0.48    2       3 	     3	
    1	-49.49     0.50	      -50.00     0.44    3       3  	 3	
    2	-41.93     -1.93	  -40.00     0.48    3       3       3	
    3	-193.22    6.77	      -199.99	 0.16    3       4       4	
    4	-71.08     -0.85	  -70.22	 0.37    3       4       4	
    0	112.15     0.65	      111.50	 0.80    1       1   	 1	
    0	110.99     -0.71	  111.71     0.80    3       3   	 3	
];
%% 潮流计算结果
pfresult=[
    1  111.50   0	
    2  110.37   -0.39 	
    3  111.73   0.80 	
    4  112.35   7.89
];
    